buying_power: 1208629.797490169
cash: 1208629.797490169
cryptos:
- avg_price: 289.21
  quantity: 2
  symbol: '@C'
equity: 1214210.217490169
multiplier: 1
stocks:
- avg_price: 1.0
  quantity: 4988
  symbol: A
- avg_price: 2.0
  quantity: 7
  symbol: B
