buying_power: 1034771.6329150283
cash: 1034771.6329150283
equity: 1034801.6329150283
multiplier: 1
